Gen: 0 chrom: 28, 3, 7, 13, 3, 20, 4, 19, 11, 28, 21, 10 fit: 0.128 raw: 51.000
Gen: 1 chrom: 28, 3, 7, 13, 3, 20, 4, 19, 11, 28, 21, 10 fit: 0.149 raw: 51.000
Gen: 2 chrom: 28, 3, 7, 13, 3, 20, 4, 19, 11, 28, 21, 10 fit: 0.138 raw: 51.000
Gen: 3 chrom: 28, 3, 7, 13, 3, 20, 4, 19, 11, 28, 21, 10 fit: 0.127 raw: 51.000
Gen: 4 chrom: 28, 3, 7, 13, 3, 20, 4, 19, 11, 28, 21, 10 fit: 0.121 raw: 51.000
Gen: 5 chrom: 28, 3, 7, 13, 3, 20, 4, 19, 11, 28, 21, 10 fit: 0.117 raw: 51.000
Gen: 6 chrom: 28, 3, 7, 13, 3, 20, 4, 19, 11, 28, 21, 10 fit: 0.107 raw: 51.000
Gen: 7 chrom: 28, 3, 7, 13, 3, 20, 4, 19, 11, 28, 21, 10 fit: 0.116 raw: 51.000
Gen: 8 chrom: 28, 3, 7, 13, 3, 20, 4, 19, 11, 28, 21, 10 fit: 0.115 raw: 51.000
Gen: 9 chrom: 28, 3, 7, 13, 3, 20, 4, 19, 11, 28, 21, 10 fit: 0.104 raw: 51.000
Gen: 10 chrom: 28, 3, 7, 13, 3, 20, 4, 19, 11, 28, 21, 10 fit: 0.089 raw: 51.000
Gen: 11 chrom: 28, 3, 7, 13, 3, 20, 4, 19, 11, 28, 21, 10 fit: 0.092 raw: 51.000
